name: LTS
channels:
  - conda-forge
  - defaults
dependencies:
  - asttokens=2.4.1=pyhd8ed1ab_0
  - backcall=0.2.0=pyh9f0ad1d_0
  - bzip2=1.0.8=h2466b09_7
  - ca-certificates=2024.8.30=h56e8100_0
  - colorama=0.4.6=pyhd8ed1ab_0
  - comm=0.2.2=pyhd8ed1ab_0
  - debugpy=1.8.8=py39ha51f57c_0
  - decorator=5.1.1=pyhd8ed1ab_0
  - executing=2.1.0=pyhd8ed1ab_0
  - importlib-metadata=8.5.0=pyha770c72_0
  - intel-openmp=2025.0.0=h57928b3_1163
  - ipykernel=6.29.5=pyh4bbf305_0
  - ipython=8.12.0=pyh08f2357_0
  - jedi=0.19.1=pyhd8ed1ab_0
  - joblib=1.4.2=pyhd8ed1ab_0
  - jupyter_client=8.6.3=pyhd8ed1ab_0
  - jupyter_core=5.7.2=py39hcbf5309_0
  - krb5=1.21.3=hdf4eb48_0
  - libblas=3.9.0=8_mkl
  - libcblas=3.9.0=8_mkl
  - libffi=3.4.2=h8ffe710_5
  - liblapack=3.9.0=8_mkl
  - libsodium=1.0.20=hc70643c_0
  - libsqlite=3.47.0=h2466b09_1
  - libzlib=1.3.1=h2466b09_2
  - matplotlib-inline=0.1.7=pyhd8ed1ab_0
  - mkl=2020.4=hb70f87d_311
  - nest-asyncio=1.6.0=pyhd8ed1ab_0
  - openssl=3.3.2=h2466b09_0
  - parso=0.8.4=pyhd8ed1ab_0
  - pickleshare=0.7.5=py_1003
  - pip=24.3.1=pyh8b19718_0
  - platformdirs=4.3.6=pyhd8ed1ab_0
  - prompt-toolkit=3.0.48=pyha770c72_0
  - prompt_toolkit=3.0.48=hd8ed1ab_0
  - psutil=6.1.0=py39ha55e580_0
  - pure_eval=0.2.3=pyhd8ed1ab_0
  - pygments=2.18.0=pyhd8ed1ab_0
  - python=3.9.20=hfaddaf0_1_cpython
  - python_abi=3.9=5_cp39
  - pywin32=307=py39ha51f57c_3
  - pyzmq=26.2.0=py39h03e5c00_3
  - scikit-learn=1.5.2=py39hdd013cc_1
  - setuptools=75.3.0=pyhd8ed1ab_0
  - six=1.16.0=pyh6c4a22f_0
  - stack_data=0.6.2=pyhd8ed1ab_0
  - threadpoolctl=3.5.0=pyhc1e730c_0
  - tk=8.6.13=h5226925_1
  - tornado=6.4.1=py39ha55e580_1
  - traitlets=5.14.3=pyhd8ed1ab_0
  - tslearn=0.6.3=py39h4b0a98a_2
  - typing_extensions=4.12.2=pyha770c72_0
  - tzdata=2024b=hc8b5060_0
  - ucrt=10.0.22621.0=h57928b3_1
  - vc=14.3=ha32ba9b_22
  - vc14_runtime=14.40.33810=hcc2c482_22
  - vs2015_runtime=14.40.33810=h3bf8584_22
  - wcwidth=0.2.13=pyhd8ed1ab_0
  - wheel=0.45.0=pyhd8ed1ab_0
  - xz=5.2.6=h8d14728_0
  - zeromq=4.3.5=ha9f60a1_6
  - pip:
      - absl-py==2.1.0
      - astunparse==1.6.3
      - cachetools==5.5.0
      - certifi==2024.8.30
      - charset-normalizer==3.4.0
      - cycler==0.12.1
      - flatbuffers==24.3.25
      - fonttools==4.54.1
      - gast==0.4.0
      - google-auth==2.36.0
      - google-auth-oauthlib==0.4.6
      - google-pasta==0.2.0
      - grpcio==1.67.1
      - h5py==3.12.1
      - idna==3.10
      - imageio==2.36.0
      - keras==2.10.0
      - keras-preprocessing==1.1.2
      - kiwisolver==1.4.7
      - libclang==18.1.1
      - lightgbm==4.5.0
      - llvmlite==0.39.1
      - markdown==3.7
      - markupsafe==3.0.2
      - matplotlib==3.5.1
      - numba==0.56.4
      - numpy==1.21.6
      - oauthlib==3.2.2
      - opt-einsum==3.4.0
      - packaging==24.2
      - pandas==1.4.4
      - pillow==11.0.0
      - protobuf==3.19.6
      - pyasn1==0.6.1
      - pyasn1-modules==0.4.1
      - pyparsing==3.2.0
      - python-dateutil==2.9.0.post0
      - pytz==2024.2
      - requests==2.32.3
      - requests-oauthlib==2.0.0
      - rsa==4.9
      - scipy==1.7.3
      - tensorboard==2.10.1
      - tensorboard-data-server==0.6.1
      - tensorboard-plugin-wit==1.8.1
      - tensorflow==2.10.0
      - tensorflow-estimator==2.10.0
      - tensorflow-io-gcs-filesystem==0.31.0
      - termcolor==2.5.0
      - urllib3==2.2.3
      - werkzeug==3.1.3
      - wrapt==1.16.0
      - zipp==3.21.0
prefix: C:\Users\JeongJongMin\anaconda3\envs\LTS
